%YAML:1.0

imu_freqency : 250
acc_T_calibr: !!opencv-matrix
   rows: 4
   cols: 4
   dt: d
   data: [1.00611,-0.00130352,-0.00310935,0.0177334,
          0.00130701,1.00342,-0.0024619,0.0223509,
          0.00314038,0.00247981,0.996171,-0.209035,
          0., 0., 0., 1. ]


odom_freqency: 250
odom_baseline: 0.209

data_path: "/home/zx/workspace/Anker_Project/SweeperReckoning/data/anker/4/"
